00000000000000000000000000000000000000000000000211000000000000000000000000000000000000000000000000000000000000000000000000000000000000000000000000000000000000000000000000000000000000000000000000000000
00000000000000000000000000000000000000000000001585421000000000000000000000000000000000000000000000000000000000000000000000000000000000000000000000000000000000000000000000000000000000000000000000000000
00000000000000000000000000000000000000000000000386886420000010000000000000000000000000000000000000000000000000000000000000000000000000000000000000000000000000000000000000000000000000000000000000000000
00000000000000000000000000000000000000000000000087667876310000000000000000000000000000000000000000000000000000000000000000000000000000000000000000000000000000000000000000000000000000000000000000000000
00000000000000000000000000000000000000000000000038677677875200000000000000000000000000000000000000000000000000000000000000000000000000000000000000000000000000000000000000000000000000000000000000000000
00000000000000000000000000000000000000000000000027777777668852000000000000000000000000000000000000000000000000000000000000000000000000000000000000000000000000000000000000000000000000000000000000000000
00000000000000000000000000000000000000000000000004777777776677520000000000000000000000000000000000000000000000000000000000000000000000000000000000000000000000000000000000000000000000000000000000000000
00000000000000000000000000000000000000000000000001867777777767784200000000000000000000000000000000000000000000000000000000000000000000000000000000000000000000000000000000000000000000000000000000000000
00000000000000000000000000000000000000000000000000486777777777833441000000000000000000000000000000000000000000000000000000000000000000000000000000000000000000000000000000000000000000000000000000000000
00000000000000000000000000000000000000000000000001176777777777732234310000000000000000000000000000000000000000000000000000000000000000000000000000000000000000000000000000000000000000000000000000000000
00000000000000000000000000000000000000000000000000038677777767522322442000000000000000000000000000000000000000000000000000000000000000000000000000000000000000000000000000000000000000000000000000000000
00000000000000000000000000000000000000000000000000016767777767423332234410000000000000000000000000000000000000000000000000000000000000000000000000000000000000000000000000000000000000000000000000000000
00000000000000000000000000000000000000000000000000012767777767423323322462000000000000000000000000000000000000000000000000000000000000000000000000000000000000000000000000000000000000000000000000000000
00000000000000000000000000000000000000000000000000000376777767433233323235410000000000000000000000000000000000000000000000000000000000000000000000000000000000000000000000000000000000000000000000000000
00000000000000000000000000000000000000000000000000000167777777433332332322452000000000000000000000000000000000000000000000000000000000000000000000000000000000000000000000000000000000000000000000000010
00000000000000000000000000000000000000000000000000000028777777423333333333235200000000000000000000000000000000000000000000000000000000000000000000000000000000000000000000000000000000000000000001223452
00000000000000000000000000000000000000000000000000000003877677333333222323323541000000000000000000000000000000000000000000000000000000000000000000000000000000000000000000000000000000000000122457887881
00000000000000000000000000000000000000000000000000000001586777333333333332222244100100000000000000000000000000000000000000000000000000000000000000000000000000000000000000000000000000000124677787666740
00000000000000000000000000000000000000000000000000000000277677333333333333332233521000000000000000000000000000000000000000000000000000000000000000000000000000000000000000000000000100134788776777677710
00000000000000000000000000000000000000000000000000000000037677333333333333333322352000000000000000000000000000000000000000000000000000000000000000000000000000000000000000000000000124568767667767768300
00000000000000000000000000000000000000000000000000000000004767333333333333333333225200000000000000000000000000000000000000000000000000000000000000000000000000000000000000000000023443226767877777685000
00000000000000000000000000000000000000000000000000000000001777333333333333333333323530000000000000000000000000000000000000000000000000000000000000000000000000000000000000000012444222326777777776682000
00000000000000000000000000000000000000000000000000000000000276323333333323333333232253100000000000000000000000000000000000000000000000000000000000000000000000000000000000001234322233324877777777830000
00000000000000000000000000000000000000000000000000000000000038322333333332233333323225400000000000000000000000000000000000000000000000000000000000000000000000000000000000024432223333324767777767710000
00000000000000000000000000000000000000000000000000000000001004423233333332222333223323440000000000000000000000000000000000000000000000000000000000000000000000000000000002343223223333324777777768200000
00000000000000000000000000000000000000000000000000000000000000432332323333223333233332243000000000000000000000000000000000000000000000000000000000000000000000000000000144332233233333324767767684000000
00000000000000000000000000000000000000000000000000000000000000144233233333333333323332334300000000000000000000000000000000000000000000000000000000000000000000000000003433323333333333324777776851000000
00000000000000000000000000000000000000000000000000000000000000025323333333333333323323322620000000000000000000000000000000000000000000000000000000000000000000000000244323333322333333324777777710100000
00000000000000000000000000000000000000000000000000000000000000102622333333333333233233232252000000000000000000000000000000000000000000000000000000000000000000000014522333333333333333324767768200000000
00000000000000000000000000000000000000000000000000000000000000000262233333333333332333333226200000000000000000000000000000000000000000000000000000000000000000000353233333333333333333325777683000000000
00000000000000000000000000000000000000000000000000000000000100000026332333222333323323323323510000000000000000000000000000000000000000000000000000000000000000015422323333332233333333326766731000000000
00000000000000000000000000000000000000000000000000000000000000000012532333222333233333232332340000000000000000000000000000000000000000000000000000000000000000353222333333223333233333326768400100000000
00000000000000000000000000000000000000000000000000000000000000000000253232333333333332233333244011000000000000000000000000000000000000000000000000000000000014533333332223333333323233236784000000000000
00000000000000000000000000000000000000000000000000000000000000000000026323333332333332233333324300100000000000000000000000000000000000000000000000000000000354233333333333333333332332237740000000000000
00000000000000000000000000000000000000000000000000000000000000000000101542333333333333333333223510000000000011122222222221110000000000000000000000000001013532323333333333333332223323337400000000000000
00000000000000000000000000000000000000000000000000000000000000000000000254322332223333333233332440000000123455554444444455555433210000000000000000001000154223323333333333333222233333255000000000000000
00000000000000000000000000000001000000000000000000000000000000000000000015423223223333322332333242000134443322223222223332223344554310000000000100000002532333332233333333333222333332341000000000000000
00000000000000000000000000000000000000000000000000000000000000000000100100453323223333322233333224224443222233333333333333333322233455320000000000000135222223332233333333322333333224310000000000000000
00000000000000000000000003310000000000000000000000000000000000000000000000035332333333323233232325643323333333333333333333322233233223454200000000000352233333332333333332223333332243000000001000000000
00000000000000000000000034344210000000000000000000000000000000000000000000003543333333333323323244322232333333332222223322222222322333223453100001003433333323333333333332223333322520000000000000000000
00000000000000000000000242223443100000000000000000000000000000000000000000000254333333333333332232223333333333223333333333333333322233333234420000144233333333333333333333333333244200000000000000000000
00000000000000000000002522332233532000000000000000000000000000000000000000000014533323332333333233333333333333323333333333333333333222333332344201542323333333333333323333333332431000000000000000000000
00000000000000000000015332333322234421000000000000000000000000000000000000001001343332333333333333333333333333333333333333333333333333333233223534423333223333333322333333332235210000000000000000000000
00000000000000000010053233333333332344310000000000000000000000000000000000000000025433323223333333333333333333333333333333333333333333332222233345323223222333333332332233322442000000000000000000000000
00000000000000000100332333333223233223452000000000000000000000000000000000000000001353322233333332233333333333333333333333333333333333332223322323332333322233333333223323235300000000000000000000000000
00000000000000000002413333223322333333324530000000000000000000000000000000000000000024432333333322222222333333333333333333333333333333333333333332322333333233333223332232452000000000000000000000000000
00000000000000000025233233333333233332332245210000000000000000000000000000000000000000244433333233333333333333333333333333333333333332333333333333323233333333333333332235400000000000000000000000000000
00000000000000000043233333333332322233333323442000000000000000000000000000000000000000015422332333333333333333333333333333333333333333333333333333332333333333222333224541000000000000000000000000000000
00000000000000001432333333333333333333333332234521001000000000000000000000000000000000014223323233333333333333333333333333333333333333333332222233333332323333322322354200000000000000000000000000000000
00000000000000003423323333333333333333332232223344300000000000000000000000000000000000033233333233333333333333333333333333333333333333333333322233333333233333222245420000000000000000000000000000000000
00000000000000014322323333333333333333333333322223442000000000000000000000000000000000142233333223333333333333333333333333333333333333333333333333333333322332234542000000000000000000000000000000000000
00000000000000044232333333333333333333333333333333234420000000000000000000000000000000332333333222333333333333333333333333333333333333333333333333333333423334543100000000000000000000000000000000000000
00000000000000242223233333333333333333332333333223322344210000000000000000000000000001422333333333333333333333333333333333333333333333333333333333233333543554210000000000000000000000000000000000000000
00000000010001432333333333333333333333333333333333333223541000000000000000000000000001423333333333333333333333333333333333333333333333333333333333223332474310000000000000000000000000000000000000000000
00000000000003423232332333333333333333333332233333333332245410000000000000000000000003323333333333333333333333333333333333333333333333322223333333233332261000000000000000000000000000000000000000000000
00000000000015232333333333333333333333333333333233333333322454100000000000000000000004333333333233222223333333323333333333333333333333322222223333333333242000000000000000000000000000000000000000000000
00000000000143233333333333333333333333333333333333333333333224431000000000000000000014233333323223333322333333333333333333333333333333332332332333233333233000000000000000000000000000000000000000000000
00000000000342323333333333333333333333333333333333333333333322345200000000000000000024233333332235777764223323323333333333333333333333333333332333332333234000000000000000000000000000000000000000000000
00000000001523323333333333333333333333333333333333333333322232333441000000000000000043233333332477775324532333233333333333333333333333333333333323333333324100000000000000000000000000000000000000000000
00000000004333333333333333333333333333333333333333333333333333333235310000000000000053333333323776660000453223333333333333333333333333333333333333333333324200000000000000000000000000000000000000000000
00000000024233233333333333333333333333333333333333322233333333333322453000000000000152333332326867720000173223333333333333333333333333332333323233323333324300000000000000000000000000000000000000000000
00000000052333333333333333333333333333333333333333322223333333223233224421000000000152333233237776720000184232333333333333333333333333333222222222333233324300000000000000000000000000000000000000000000
00000000242332323333333333333332333333333333333333333333233323333333332343200000000243323333248677850000286222333333333333333333333333322234443332233223324300000000000000000000000000000000000000000000
00000000422333233333333333333322333333333333333333333333322223333333333223431000000343322332247777784212776222333333333333333333333333222464477643223223324300000000000000000000000000000000000000000000
00000003333332233333333333333333333333333333333333333222333322333233233333345200110342332322347777778777776333333333333333333223333332325610016785223233333300000000000000000000000000000000000000000000
00000015333333233333333333333333333333333333333333333223333333332333222333222441000422333332247677777776675233333332333333223333233332247300102877523333333300000000000000000000000000000000000000000000
00000044223333333333333333333333333333333333333333333333333333333323333332332235301523333333236777777777773233233333333233333333223333368100001867732333324300000000000000000000000000000000000000000000
00000252333332333333333333333333333333333333333333323333333333333332333323223322433423333323324767767766752223323233322222233333223332477300003776742333324300000000000000000000000000000000000000000000
00000432333333333333333333333333333333333333333333223333323333323333333332233232236323232323332587666677632223323323223333233333223332576720027777753333324300000000000000000000000000000000000000000000
00002423333333333333333333333333333333333333333333223333323333323223232232233333324232323333332346777775323333333322233323332232323332576785687776763332324200000000000000000000000000000000000000000000
00004233332233333333333333333333333333333333333333333333333333322332224223333323235322333233233322344333223333332322323432232233333332477768877776752332324200000000000000000000000000000000000000000000
00024233333333333333333333333333333333333333333333333333333332222554236423332232243222222322232333222223332333333333323674233333333332476777777777743323323100000000000000000000000000000000000000000000
00042333323333323333333333333222333333333333333333333333223224543424453532322322353223455443223333333333322223333333333343233333333332367777677777733232323100000000000000000000000000000000000000000000
00242333333333323333333333333333333333333333333323333322332235435423453342223233352355555555432333333333323322333333322232223332333222247667667677423233324100000000000000000000000000000000000000000000
01432333333333323333333333333333333333333333333333333333232235233332232353233332432554444444553233333333333323333333333333332333333333234777766875232223324100000000000000000000000000000000000000000000
02423333333333333333333333333333333222222222222222333222223555333322333243222323435544444444456222333333333322333322222222222333333323332357777542333323324100000000000000000000000000000000000000000000
04323332333333333333333333333333222222223333333323333322333522233333333325332333445445444544445422333323323433222222344532233333333333333323433223333223324100000000000000000000000000000000000000000000
14223333233332222222223322233333333333333333333333333333334533323223333323543434454444444344444532333323322346434456677664223322323333332332223232233232324100000000000000000000000000000000000000000000
25432222333222333333333333333333333333333333333333333333345432333333333232355234454544544444444642333323233237777766666666642232223233223223333333333333324100000000000000000000000000000000000000000000
01234543333333333333333333333333333333333333333333333333344233232232323333224524544445444444444543333323333247565666666666676433334333232332333333323323324200000000000000000000000000000000000000000000
00000123444433333333333333333333333333333333333333333333335323333333333333323455644444444444444552233322333237566666666666666677762333333333332322222222324311000000000000000000000000000000000000000000
00000000012344444333333333333333333333333333333333333333334323333333333333332246644454444444444542233322333237666666666666666665752233333323233223344433224310000000000000000000000000000000000000000000
00000000000001224444433333333333333333333333333333333333334423333333333332233223654444444444544532333322333237665555555566666665732333333223232235655555423300000000000000000000000000000000000000000000
00000000001000000013444443333333333333333333333333333333333522333333333333322322365444444444445532333323333236555554455555566666632333333233322465444444543310000000000000000000000000000000000000000000
00000000000000000000002345554333433333333333333333333333333532333333333333333233236544444445446323333323333336545555555544456657522233333332324644444444454400000000000000000000000000000000000000000000
00000000000000000000000011134555333333333333333333333333333442233333333333333322333644544444555223333323333325554555555555545557423223333332235544444444455610000000000000000000000000000000000000000000
00000000000000000000000000000123445433333333333333333333333452223333333333333333332364444444552233333332333225555555555545544456323333232333245444444454445710000000000000000000000000000000000000000000
00000000000000000000000000000000011345544333333333333333333353223333333333333333333236554556432233333332233325655555555555455564223333233232254444444444444611000000000000000000000000000000000000000000
00000000000000000000000000000000000001224554433333333333333344223333333333333333333323655443223233333333332324644434444454555562333333333233354444444444454510000000000000000000000000000000000000000000
00000000000000000000000000000000000000000113455443333333333335323333333333333333333232442222323333333333332323533333333334445652333333333232364444444444444510000000000000000000000000000000000000000000
00000000000000000000000000000000000000000000012345543333333435323333333333333333233332244223332333333333333323533333333333344632333333223232354444444444445400000000000000000000000000000000000000000000
00000000000000000000000000000000000000000000000011234544333334523333333333323333323323235323233333332333333333533333333333335422333333332332354444444444445200000000000000000000000000000000000000000000
00000000000000000000000000000000000000000000000000001123444433532333333333233333333323323532333333332233333332443333333333335232333333333333255444444444354100000000000000000000000000000000000000000000
00000000000000000000000000000000000000000000000000000000022454542223333333333333332333332453333233332233333332353333333333354233333333333333245544444444562000000000000000000000000000000000000000000000
00000000000000000000000000000000000000000000000000000000000012353223333333333333332332233254233333332233333332343333333333452323333333333333224544444444540000000000000000000000000000000000000000000000
00000000000000000000000000000000000000000000000000000000000000024322333333333333333333333225323333332233333233244333333333532233333333333333322454444445400000000000000000000000000000000000000000000000
00000000000000000000000000000000000000000000000000000000000100004323323232233333333333333233532233333333222333335333333335423323333333332332332245655464000000000000000000000000000000000000000000000000
00000000000000000000000000000000000000000000000000000000000010026432233333233333333333333323442233333333333333333443333353223333333333333233323323333640000000000000000000000000000000000000000000000000
00000000000000000000000000000000000000000000000000000000000100144423332333333333333333333322253233333333333333332553334542232333333333222333333232223300000000000000000000000000000000000000000000000000
00000000000000000000000000000000000000000000000000000000000000443532332333333332333333333323235223323333333333332245555322333333333333222333332332242000000000000000000000000000000000000000000000000000
00000000000000000000000000000000000000000000000000000000000002434352333333333332333333333333324422333333333333333223432223233333333333222333333222521000000000000000000000000000000000000000000000000000
00000000000000000000000000000000000000000000000000000000000015333244233233333333333333333332323532232233333333333233222232333333333333323332332234100000000000000000000000000000000000000000000000000000
00000000000000000000000000000000000000000000000000000000000034334335323333333233333333333332332443232233333333333322333322332332223333332233322431011000000000000000000000000000000000000000000000000000
00000000000000000000000000000000000000000000000000000000000253333333532333333223333333333333322353232232333333333333322333333332223333333232245300000000000000000000000000000000000000000000000000000000
00000000000000000000000000000000000000000000000000000000001433343333432333333223333333333333333334223333333333333332233333333222233333322323456100000000000000000000000000000000000000000000000000000000
00000000000000000000000000000000000000000000000000000000004433333333353233233333333333333333333333223233333333333333333333333333223333332245424200000000000000000000000000000000000000000000000000000000
00000000000000000000000000000000000000000000000000000000025333333433344222333233333333333333333323223233333323323233333333333333333332223542223400000000000000000000000000000000000000000000000000000000
00000000000000000000000000000000000000000000000000000000153243333333335333223333333333333333333323233233333333223333333333333333333333344323223400000000000000000000000000000000000000000000000000000000
00000000000000000000000000000000000000000000000000000000443333333333333522223332333333333333333323233333333333333333333323333333333333332323332410000000000000000000000000000000000000000000000000000000
00000000000000000000000000000000000000000000000000000003533333333333333452233233333333333333333333333333333333333333333233333333333333222223332420000000000000000000000000000000000000000000000000000000
00000000000000000000000000000000000000000000000000000015333343333333433374233333333333333333333333333333323333333333333333333333233333333333333231000000000000000000000000000000000000000000000000000000
00000000000000000000000000000000000000000000000000000044334333333333334514323323333333333333333333333333332233333333333333222222223333233333332341000000000000000000000000000000000000000000000000000000
00000000000000000000000000000000000000000000000000000353333333333333344101432233333333333333333333333333333233343333333333333323323333333333333243000000000000000000000000000000000000000000000000000000
00000000000000000000000000000000000000000000000000002543333333333433341000252232333333333333333333333333333223333333333333333333233333333333333233000000000000000000000000000000000000000000000000000000
00000000000000000000000000000000000000000000000000004424333333334333610000025233333333333333333333333333333322233333322333333333233223333333333334000000000000000000000000000000000000000000000000000000
00000000000000000000000000000000000000000000000000025333333333333333452100001522333333333333333333333333333322222222222333333332333333323333333324100000000000000000000000000000000000000000000000000000
00000000000000000000000000000000000000000000000000153333333333333333335420000343322333333333333233333333333333333333233333333332432333333333333324100000000000000000000000000000000000000000000000000000
00000000000000000000000000000000000000000000000001443334333333333333343455100034332233333333332233333333333333333333333333333223432333333333333324200000000000000000000000000000000000000000000000000000
00000000000000000000000000000000000000000000000002733333333333333333333434541027433222233333332233333333333333333333333333333234433333333333333323300000000000000000000000000000000000000000000000000000
00000000000000000000000000000000000000000000000001354333333333333333333334345333543332233333333333333333333333333333333333333235333333333333333333300000000000000000000000000000000000000000000000000000
00000000000000000000000000000000000000000000000000013554333333333333333333333463344333223333333333333333333333333333333333322244333333333333333333400000000000000000000000000000000000000000000000000000
00000000000000000000000000000000000000000000000000000123543333343333333333333353334433333333333333333333333333333333333333332343333333333333333333400000000000000000000000000000000000000000000000000000
00000000000000000000000000000000000000000000000000000000134543333334433333333453333444333333333333333333333333333333333332332342333333333333333333410000000000000000000000000000000000000000000000000000
00000000000000000000000000000000000000000000000000000000000245433333333333333442333343233333333333333333333333333333333332332442333333333333333333410000000000000000000000000000000000000000000000000000
00000000000000000000000000000000000000000000000000000000000001345433433333333532333322323333333333333333333333333333333333322532333333333333333333510000000000000000000000000000000000000000000000000000
00000000000000000000000000000000000000000000000000000000000000002454334333333532333322323333333333333333333333333333333333323522333333333333333332510000000000000000000000000000000000000000000000000000
00000000000000000000000000000000000000000000000000000000000000000013443333334532232233233333333333333333333333333333333333324423333333333333333332510000000000000000000000000000000000000000000000000000
00000000000000000000000000000000000000000000000000000000000000000000045343434422333333333333333333333333333333333333333333324322333333333333333332510000000000000000000000000000000000000000000000000000
00000000000000000000000000000000000000000000000000000000000000000000153333335433333333333333333333333333333333333333333333235332333333333333333333510000000000000000000000000000000000000000000000000000
00000000000000000000000000000000000000000000000000000000000000000000643333335333333333222233333333333333333333333333333333234332333333333333333333510000000000000000000000000000000000000000000000000000
00000000000000000000000000000000000000000000000000000000000000000004433333345223333333333333333333333333333333333333333333234332333333333333333333500000000000000000000000000000000000000000000000000000
00000000000000000000000000000000000000000000000000000000000000000036324533344233333333333333333333333333333333333333333333244333333333333333333333500000000000000000000000000000000000000000000000000000
00000000000000000000000000000000000000000000000000000000000000000166446343353233223333333333332233333333333333333333333333243322333333333333333333400000000000000000000000000000000000000000000000000000
00000000000000000000000000000000000000000000000000000000000000001665565353352323333333333333333333333333333333333333333333243232333333333333333334300000000000000000000000000000000000000000000000000000
00000000000000000000000000000000000000000000000000000000000000014656655543442323333333333333333333333333333333333333333333253233333333333333333334200000000000000000000000000000000000000000000000000000
00000000000000000000000000000000000000000000000000000000000000037555556544632322333333222233333333333333333333333333333332253232333333333333333324200000000000000000000000000000000000000000000000000000
00000000000000000000000000000000000000000000000000000000000000275555655574432333333332332333333333333333333333333333333332342332333333333333323325100000000000000000000000000000000000000000000000000000
00000000000000000000000000000000000000000000000000000000000001655555555621423333322323333232333233333333333333333333333332342332333333333323323234000100000000000000000000000000000000000000000000000000
00000000000000000000000000000000000000000000000000000000000015655565555723422333222333333333222222333333333333333333333333342332333333333333333242000000000000000000000000000000000000000000000000000000
00000000000000000000000000000000000000000000000000000000010036455555665556322333232232233322332332333233333333333333333333342332333333333333332245100000000000000000000000000000000000000000000000000000
00000000000000000000000000000000000000000000000000000000000057555555555565233333323233455553322233333233333333333333333333442332333333333332332354442000000000000000000000000000000000000000000000000000
00000000000000000000000000000000000000000000000000000000000012675556655564223333332455642446444322233333333333333333333332442332333333333332322342235300000000100000000000000000000000000000000000000000
00000000000000000000000000000000000000000000000000000000000001147655566573223332235435343424334533223333333333333333332332442333333333333333323442233531010134530000000000000000000000000000000000000000
00000000000000000000000000000000000000000000000000000000000000001476555662233332243224242423422354323333333333333333332332342333333333333333323532332252002544250000000000000000000000000000000000000000
00000000000000000000000000000000000000000000000000000000000000000026654652232333433225253432532324532232333333322233333222342333332333333333324433233335105334272000000000000000000000000000000000000000
00000000000000000000000000000000000000000000000000000000000000000100366642232333332225343342342332353223333333322333333222352333332333333333224332323323343243362000000000000000000000000000000000000000
00000000000000000000000000000000000000000000000000000000000000000000013732332333333225334243253323235322333333333333333332252223333222333333244233333232542253452000000000000000000000000000000000000000
00000000000000000000000000000000000000000000000000000000000000001000000532332333333225334233244233223522333333333333333332343333333323332232253223233322532353442000000000000000000000000000000000000000
00000000000000000000000000000000000000000000000000000000000000000000001432332332333224334334225332322342333333333333333332432232333333332232442322332324323544441000000000000000000000000000000000000000
00000000000000000000000000000000000000000000000000000000000000000000001533333332332324323433324323322333333333333333333332533323333333332323532323333234224535451000000000000000000000000000000000000000
00000000000000000000000000000000000000000000000000000000000000000000002423333332333324323343323423233233333333332233333322445422333333333324423323233253334445330000000000000000000000000000000000000000
00000000000000000000000000000000000000000000000000000000000000000000002423333332333224433333332532323323333333332233333322223422322333223225333232332442344353520000000000000000000000000000000000000000
00000000000000000000000000000000000000000000000000000000000000000000002423333332333333423333333443323332333333332333333323223444422332322334232332323523333443510000000000000000000000000000000000000000
00000000000000000000000000000000000000000000000000000000000000000000002423333332332333433333333342323233333333333333333333323333443542254234233233324333333334400000000000000000000000000000000000000000
00000000000000000000000000000000000000000000000000000000000000000000002423333333332222533333333353223233333333333333333333322233334254444454233333235233333335300000000000000000000000000000000000000000
00000000000000000000000000000000000000000000000000000000000000000000002423333333333332433333333353223233333333333333333333333233232224422333222333243333333336200000000000000000000000000000000000000000
00000000000000000000000000000000000000000000000000000000000000000000002423333333333332443333333344232233333333333333332233333333323322333223333332342333333344100000000000000000000000000000000000000000
00000000000000000000000000000000000000000000000000000000000000000000001423333333332333453333333335332333333333332333333332333222333333333333233332433333333352000000000000000000000000000000000000000000
00000000000000000000000000000000000000000000000000000000000000000000001433333333332333353333333335433333333333333333333333333322332233233332332323423333333441000000000000000000000000000000000000000000
00000000000000000000000000000000000000000000000000000000000000000000001433333333333333353333333334433333333333333333333334343333333233333333233224333433333530000000000000000000000000000000000000000000
00000000000000000000000000000000000000000000000000000000000000000000000332323333333343344333334333533343333333333333333333333333333333333333332233334333343510000000000000000000000000000000000000000000
00000000000000000000000000000000000000000000000000000000000000000000000242233323233343344333333333533343333333333333333333333333333333333332222233333333335300000000000000000000000000000000000000000000
00000000000000000000000000000000000000000000000000000000000000000000000152233232233333335333433333533333333333333333333333333333333333333333233333333333335100000000000000000000000000000000000000000000
00000000000000000000000000000000000000000000000000000000000000000000000044233333333333335433333333533333333333333333333333333333333333333333333333333333343000000000000000000000000000000000000000000000
00000000000000000000000000000000000000000000000000000000000000000000000015433334333333334433333343543333333333333333333333333333333333333333333433333333351000000000000000000000000000000000000000000000
00000000000000000000000000000000000000000000000000000000000000000000000002533333333333334533333343443333333333343333333333333333333333333333333333333333430000000000000000000000000000000000000000000000
00000000000000000000000000000000000000000000000000000000000000000000000000343333333333333533333333443333333333333333333333333333333333333333333333333333510010000000000000000000000000000000000000000000
00000000000000000000000000000000000000000000000000000000000000000000000000044333333333333443333333343343333333333333333333333333333333333333333333333335200000000000000000000000000000000000000000000000
00000000000000000000000000000000000000000000000000000000000000000000000000013433334333333453333333353333333333333333333333333333333333333333333333343334000000000000000000000000000000000000000000000000
00000000000000000000000000000000000000000000000000000000000000000000000000000353333333333353433343353343333333333333333333333344333333333333343333333351000000000000000000000000000000000000000000000000
00000000000000000000000000000000000000000000000000000000000000000000000000001014543333343344334433353343333333333333333333344433333333333333353333333520000000000000000000000000000000000000000000000000
00000000000000000000000000000000000000000000000000000000000000000000000000000010234433333336333333353333444555565555544443333333333334433333453333334300000000000000000000000000000000000000000000000000
00000000000000000000000000000000000000000000000000000000000000000000000000000000012345544324433333344445332111111111112234455444333333333332443333343000000000000000000000000000000000000000000000000000
00000000000000000000000000000000000000000000000000000000000000000000000000000000000011233455642433443211000000000000000000112233445544444444653333441000000000000000000000000000000000000000000000000000
00000000000000000000000000000000000000000000000000000000000000000000000000000000000000000001343333420000000000000000000000000000011222223322343334400010000000000000000000000000000000000000000000000000
00000000000000000000000000000000000000000000000000000000000000000000000000000000000000000000035333410100000000000000000000000000000000000000153354100000000000000000000000000000000000000000000000000000
00000000000000000000000000000000000000000000000000000000000000000000000000000000000000000000012545200000000000000000000000000000000000000000024411000000000000000000000000000000000000000000000000000000
00000000000000000000000000000000000000000000000000000000000000000000000000000000000000000000000222000000000000000000000000000000000000000000001000000000000000000000000000000000000000000000000000000000
